test, 16 supplied
size: 39, 60.000000 110.000000 
spacing: 0.000000, 0.080100 3.255020 
test, 16 supplied
size: 39, 60.000000 110.000000 
spacing: 0.000000, 0.080100 3.255020 
test, 16 supplied
size: 39, 60.000000 110.000000 
spacing: 0.000000, 0.080100 3.255020 
